18
76 56 33 83 44 34 78 6 12 10 93 57 71 81 99 70 8 53
6 6 6 6 6 6 6 6 5 5 4 4 3 2 2 2 2 1 0
0 3 3 3 3 3 3 2 2 2 2 2 2 2 1 0 0 0 0
0 0 4 4 4 4 4 4 4 4 4 4 3 2 1 1 0 0 0
0 0 0 5 5 5 4 4 4 4 4 4 3 2 1 1 1 1 0
0 0 0 0 2 2 2 2 2 2 2 1 1 1 1 0 0 0 0
0 0 0 0 0 4 4 4 4 4 4 4 3 2 1 1 1 1 0
0 0 0 0 0 0 4 4 4 4 4 4 3 2 1 1 1 1 0
0 0 0 0 0 0 0 2 2 2 2 2 2 2 1 0 0 0 0
0 0 0 0 0 0 0 0 5 5 4 4 3 2 2 2 2 1 0
0 0 0 0 0 0 0 0 0 4 4 4 3 2 1 1 1 1 0
0 0 0 0 0 0 0 0 0 0 4 4 3 2 1 1 1 1 0
0 0 0 0 0 0 0 0 0 0 0 1 1 1 1 0 0 0 0
0 0 0 0 0 0 0 0 0 0 0 0 3 2 1 1 0 0 0
0 0 0 0 0 0 0 0 0 0 0 0 0 2 1 0 0 0 0
0 0 0 0 0 0 0 0 0 0 0 0 0 0 1 0 0 0 0
0 0 0 0 0 0 0 0 0 0 0 0 0 0 0 0 0 0 0
0 0 0 0 0 0 0 0 0 0 0 0 0 0 0 0 0 0 0
0 0 0 0 0 0 0 0 0 0 0 0 0 0 0 0 0 1 0
0 0 0 0 0 0 0 0 0 0 0 0 0 0 0 0 0 0 0
0 0 0 0 0 0 0 1 0 1 0 1 1 0 0 0 1 1 0
0 0 0 0 0 0 1 0 0 0 0 0 0 1 1 0 0 0 0
0 0 0 0 0 0 0 0 0 0 0 1 1 1 0 1 0 0 0
0 0 0 0 0 1 0 0 0 0 0 1 1 1 0 0 0 1 0
0 0 0 0 0 0 0 0 0 0 1 0 0 0 1 0 0 0 0
0 0 0 0 0 0 0 0 0 0 0 1 1 1 0 0 0 1 0
0 0 0 0 0 0 0 0 0 0 0 1 1 1 0 0 0 1 0
0 0 0 0 0 0 0 0 0 0 0 0 0 1 1 0 0 0 0
0 0 0 0 0 0 0 0 0 1 0 1 1 0 0 0 1 1 0
0 0 0 0 0 0 0 0 0 0 0 1 1 1 0 0 0 1 0
0 0 0 0 0 0 0 0 0 0 0 1 1 1 0 0 0 1 0
0 0 0 0 0 0 0 0 0 0 0 0 0 0 1 0 0 0 0
0 0 0 0 0 0 0 0 0 0 0 0 1 1 0 1 0 0 0
0 0 0 0 0 0 0 0 0 0 0 0 0 1 1 0 0 0 0
0 0 0 0 0 0 0 0 0 0 0 0 0 0 1 0 0 0 0
0 0 0 0 0 0 0 0 0 0 0 0 0 0 0 0 0 0 0
0 0 0 0 0 0 0 0 0 0 0 0 0 0 0 0 0 0 0
0 0 0 0 0 0 0 0 0 0 0 0 0 0 0 0 0 1 0
0 0 0 0 0 0 0 0 0 0 0 0 0 0 0 0 0 0 0
