11
5 9 23 17 14 18 8 10 22 6 21
5 4 3 3 3 3 3 2 2 2 1 0
0 4 3 3 3 3 3 2 2 2 1 0
0 0 3 3 3 2 2 2 1 1 1 0
0 0 0 0 0 0 0 0 0 0 0 0
0 0 0 0 2 2 1 1 1 1 1 0
0 0 0 0 0 2 1 1 1 1 1 0
0 0 0 0 0 0 1 1 1 1 1 0
0 0 0 0 0 0 0 2 1 1 1 0
0 0 0 0 0 0 0 0 1 1 1 0
0 0 0 0 0 0 0 0 0 0 0 0
0 0 0 0 0 0 0 0 0 0 1 0
0 0 0 0 0 0 0 0 0 0 0 0
1 1 0 0 0 0 1 0 0 1 1 0
0 1 0 0 0 0 1 0 0 1 1 0
0 0 0 0 1 0 0 1 0 0 1 0
0 0 0 0 0 0 0 0 0 0 0 0
0 0 0 0 0 1 0 0 0 0 1 0
0 0 0 0 0 1 0 0 0 0 1 0
0 0 0 0 0 0 0 0 0 0 1 0
0 0 0 0 0 0 0 1 0 0 1 0
0 0 0 0 0 0 0 0 0 0 1 0
0 0 0 0 0 0 0 0 0 0 0 0
0 0 0 0 0 0 0 0 0 0 1 0
0 0 0 0 0 0 0 0 0 0 0 0